 1575.047908     -33.872104      2.77600     0    
1575.40947	42.0	10.0	1
 1575.992695     -34.551246      2.35112     0    
 1577.892731     -51.725970      2.49540     0    
 1579.027079     -80.089911      2.61660     0    
1581.50789	-56.0	16.0	1
 1585.085538     -47.000420      2.77153     0    
 1586.024334     -29.152779      2.68712     0    
 1589.889698      11.870402      2.35492     0    
 1593.081054      18.554872      2.88998     0    
 1598.083414     -54.533914      3.10951     0    
1605.56661	-26.0	12.0	1
1608.60654	-5.0	13.0	1
 1613.947394      21.118004      2.39630     0    
1614.56435	65.0	15.0	1
 1622.930955     -75.500988      2.84472     0    
1633.36529	56.0	9.0	1
1637.45558	57.0	8.0	1
1651.44399	-8.0	11.0	1
1682.35976	51.0	10.0	1
1697.30019	0.0	8.0	1
1711.24418	-34.0	13.0	1
 2299.924278      11.561172      2.63771     0    
 2309.946403     -1.1874144      2.77724     0    
 2332.901786      10.865594      2.25827     0    
 2336.095564     -37.304237      3.10232     0    
 2344.779417      20.971983      2.19065     0    
 2362.871783     -26.249762      2.38612     0    
 2364.992333    -0.22776641      2.65415     0    
 2390.818809      36.664265      2.49083     0    
 2394.833483      75.890284      2.80931     0    
 2396.878178      48.122146      2.90023     0    
 2398.767461      35.968737      2.29132     0    
 2426.730451     -10.712725      2.26753     0    
 2453.711054      33.315148      2.35074     0    
 2454.74835       44.133934      2.22496     0    
 2621.063438      79.639445      2.12460     0    
 2680.030805      81.893183      2.19864     0    
 2686.981851      67.521516      2.18507     0    
 2720.913717      11.814585      2.54221     0    
 2751.868324      53.921075      2.48598     0    
 2772.848539      56.308377      3.09131     0    
 2803.801446     -41.065682      3.74472     0    
 2955.106976     -6.0818287      2.62941     0    
 2987.063228     -46.179799      2.30909     0    
 3064.03704      0.87159263      3.10619     0    
 3102.959987     -8.2980771      2.88599     0    
3363.112422       -85.471055      2.67873     0   
3399.965334       -24.979025      2.63706     0   
3485.939436        14.173793      3.44344     0   
3514.81834       -53.471435      2.84345     0    
