           0   810.39941406     0.00000100
           1   821.31597900     0.00000100
           2   832.23858643     0.00000100
           3   843.16015625     0.00000100
           4   854.07891846     0.00000100
           5   865.00274658     0.00000100
           6   875.92437744     0.00000100
           7   886.84710693     0.00000100
           8   897.77587891     0.00000100
           9   908.69848633     0.00000100
          10   919.63153076     0.00000100
          11   930.55419922     0.00000100
          12   941.49066162     0.00000100
          13   952.43060303     0.00000100
          14   963.37860107     0.00000100
          15   974.32202148     0.00000100
          16   985.27526855     0.00000100
          18  1007.20037842     0.00000100
          19  1018.15930176     0.00000100
          20  1029.13989258     0.00000100
          21  1040.11596680     0.00000100
          23  1062.09802246     0.00000100
          24  1073.10168457     0.00000100
          25  1084.09655762     0.00000100
          27  1106.11340332     0.00000100
          28  1117.12280273     0.00000100
          29  1128.13549805     0.00000100
          30  1139.14074707     0.00000100
          31  1150.15466309     0.00000100
          32  1161.15429688     0.00000100
          33  1172.16406250     0.00000100
          34  1183.15148926     0.00000100
          35  1194.15319824     0.00000100
          36  1205.13171387     0.00000100
          37  1216.11865234     0.00000100
          40  1248.99475098     0.00000100
          41  1259.95043945     0.00000100
          42  1270.88244629     0.00000100
          43  1281.82617188     0.00000100
          44  1292.74267578     0.00000100
          45  1303.67333984     0.00000100
          46  1314.58325195     0.00000100
          47  1325.49951172     0.00000100
          48  1336.40783691     0.00000100
          50  1358.22961426     0.00000100
          52  1380.04614258     0.00000100
          53  1390.95520020     0.00000100
          54  1401.87121582     0.00000100
          56  1423.69970703     0.00000100
          57  1434.61572266     0.00000100
          58  1445.53869629     0.00000100
          59  1456.45678711     0.00000100
          60  1467.38525391     0.00000100
          61  1478.31042480     0.00000100
          62  1489.23913574     0.00000100
          63  1500.17138672     0.00000100
          64  1511.10778809     0.00000100
          65  1522.04370117     0.00000100
