278.6493    148.5   19.0    1     
284.7006    58.0    20.1    1     
284.9813    57.6    9.5     0     
286.9710    -46.7   19.1    0     
235.8584    -59.8   18.8    0     
237.8690    -0.3    23.1    0     
246.8415    -56.9   38.0    0     
249.8134    16.9    29.0    0     
257.7918    48.4    25.7    0     
259.7847    0.1     21.3    0     
263.7848    67.8    19.3    0     
270.7339    -77.6   13.1    0     
295.6901    -76.7   22.7    0     
297.8812    94.8    34.5    0     
299.8848    -25.2   29.2    0     
305.6752    -72.3   35.0    0     
323.4036    136.4   26.2    1     
325.4572    0.0     19.0    1     
327.4408    130.9   20.8    1     
332.4702    130.7   24.5    1
370.6934    -24.0   27.0    0     
394.6203    -70.9   25.9    0     
397.6337    66.4    15.1    0     
398.6031    -12.6   23.8    0     
401.6037    110.5   18.0    0     
402.5925    66.4    37.9    0     
404.5953    -37.6   22.9    0     
406.5891    84.1    22.7    0     
408.6009    -10.9   34.0    0     
409.5755    -41.4   31.9    0     
